3.737041007089828004e-01 6.259763121117198348e-02 2.601294409664183793e-01
3.761688623586788016e-01 6.434403064466892586e-02 4.092707055945790651e-01
4.248446371811221978e-01 6.515116714252380814e-02 2.593038711815971453e-01
4.260731925899141070e-01 6.410078453058098980e-02 4.094788742332481357e-01
4.745143550397419863e-01 6.527144865949199848e-02 2.585254361983097549e-01
4.761182771378076883e-01 6.373094254311134632e-02 4.095203998081105023e-01
5.243737591581274504e-01 6.506820430455764748e-02 2.582902865437716189e-01
5.262019011252326850e-01 6.364786002755991323e-02 4.096010444603854772e-01
3.745830660301538995e-01 -3.385835328646922410e-02 2.591310113525953640e-01
3.759143144275083337e-01 -3.596991516730121963e-02 4.094711423804823780e-01
4.248769639863171910e-01 -3.441311560955060550e-02 2.589443201516046233e-01
4.259473150049067902e-01 -3.623428619876793710e-02 4.096609027707955875e-01
4.746194421072393865e-01 -3.442982946155367235e-02 2.586573452094296233e-01
4.759681805198089921e-01 -3.642234344885091762e-02 4.095492419362483649e-01
5.245906750096955840e-01 -3.461583873092850122e-02 2.583959835510222236e-01
5.259801799395051880e-01 -3.642398489968657477e-02 4.095489715607369963e-01
3.749881108208791280e-01 -1.335327755210926615e-01 2.589718581252935525e-01
3.758823111719978849e-01 -1.362349456390117286e-01 4.094253846352827741e-01
4.250246531223519364e-01 -1.341798088866605065e-01 2.587188002471344506e-01
4.258036689521758067e-01 -1.362771057377973327e-01 4.093594698717502589e-01
4.748920510400742589e-01 -1.345802367416183976e-01 2.585239040500107444e-01
4.756830860792292115e-01 -1.367785295790145961e-01 4.098245640901291287e-01
5.247795958137165817e-01 -1.347520953837495483e-01 2.581473150449982712e-01
5.257801671117161568e-01 -1.365227925093154548e-01 4.096812741917087441e-01
