-1.074461600852654047e-01 8.580703795949273793e-02 5.819999999999999618e-01
-9.974444566883564067e-02 -5.076829816014272884e-02 5.500000000000000444e-01
-7.580532638038409154e-02 8.197647040613272040e-02 6.099999999999999867e-01
-6.528825075212957296e-02 -5.609828441543845967e-02 5.869999999999999662e-01
-4.208797101358387194e-02 7.790062647501988513e-02 6.420000000000000151e-01
-3.179951709215255579e-02 -5.972985989718745947e-02 6.250000000000000000e-01
-7.875482900381642129e-03 7.375921371989849207e-02 6.710000000000000409e-01
1.914868080808624024e-03 -6.327633119222667024e-02 6.510000000000000231e-01
-2.771869094863340516e-02 1.056971672998673895e-01 4.969999999999999973e-01
-1.719541203699970905e-02 -3.067591496897636646e-02 4.750000000000000333e-01
6.770763409895609597e-03 1.044642971651248975e-01 5.320000000000000284e-01
1.889299348613934434e-02 -3.446406762219304115e-02 5.080000000000000071e-01
3.979232424188037381e-02 9.938087316598334664e-02 5.570000000000000506e-01
5.090765910440861464e-02 -3.751571289056764708e-02 5.400000000000000355e-01
7.281816576444963274e-02 9.644502105852338636e-02 5.889999999999999680e-01
8.500601096437331028e-02 -4.175007458154453288e-02 5.740000000000000657e-01
5.713123412957582525e-02 1.277537844970128011e-01 4.179999999999999827e-01
6.764274733871607215e-02 -8.693675753786239691e-03 3.920000000000000151e-01
8.753518288074160769e-02 1.288856924974798590e-01 4.480000000000000093e-01
1.017560979907143337e-01 -1.150492554238476302e-02 4.249999999999999889e-01
1.217160424809988067e-01 1.245237881780612288e-01 4.790000000000000369e-01
1.352079323825488011e-01 -1.606253661264511051e-02 4.560000000000000164e-01
1.581831439359438485e-01 1.178417826815730957e-01 5.110000000000000098e-01
1.682275706217388755e-01 -1.715450730341703395e-02 4.869999999999999885e-01
