2.330000000000000000e+02 2.040000000000000000e+02
2.200000000000000000e+02 9.400000000000000000e+01
2.610000000000000000e+02 1.900000000000000000e+02
2.540000000000000000e+02 8.200000000000000000e+01
2.890000000000000000e+02 1.770000000000000000e+02
2.850000000000000000e+02 7.100000000000000000e+01
3.140000000000000000e+02 1.650000000000000000e+02
3.140000000000000000e+02 6.100000000000000000e+01
2.830000000000000000e+02 2.350000000000000000e+02
2.780000000000000000e+02 1.210000000000000000e+02
3.130000000000000000e+02 2.190000000000000000e+02
3.120000000000000000e+02 1.070000000000000000e+02
3.400000000000000000e+02 2.040000000000000000e+02
3.430000000000000000e+02 9.400000000000000000e+01
3.660000000000000000e+02 1.900000000000000000e+02
3.720000000000000000e+02 8.200000000000000000e+01
3.420000000000000000e+02 2.720000000000000000e+02
3.460000000000000000e+02 1.530000000000000000e+02
3.720000000000000000e+02 2.530000000000000000e+02
3.800000000000000000e+02 1.360000000000000000e+02
3.990000000000000000e+02 2.360000000000000000e+02
4.110000000000000000e+02 1.210000000000000000e+02
4.250000000000000000e+02 2.200000000000000000e+02
4.400000000000000000e+02 1.070000000000000000e+02
