3.936894993558612832e-01 2.434516222554095610e-01 1.367305990461192278e-01
4.326880663261136184e-01 2.434863437862191116e-01 1.354787024103241699e-01
4.353128406942753381e-01 2.433402923716685706e-01 1.865610474292397070e-01
4.741110749548707037e-01 2.433895378897160955e-01 1.351548569608391759e-01
4.771754809232295336e-01 2.429852095171702864e-01 1.860712336960651803e-01
5.162667865636419995e-01 2.431840150282945090e-01 1.354205224990580880e-01
5.189189457777556580e-01 2.432298629830975112e-01 1.858106822056151131e-01
4.001962822940026143e-01 1.417784716546578450e-01 1.394919134270217465e-01
4.324269238686918038e-01 1.442697158932132739e-01 1.357235823564916233e-01
4.738684297456093319e-01 1.445209336515213827e-01 1.355059825732870538e-01
4.767563104220796100e-01 1.429783571364691419e-01 1.860490495960765434e-01
5.172217978165547514e-01 1.440324634130205617e-01 1.364317675907858463e-01
5.183993247742900712e-01 1.430725805059895051e-01 1.854477445377659128e-01
3.996595891270347534e-01 3.824772474535072242e-02 1.385099592899395882e-01
4.335435262202990137e-01 4.532645591237127736e-02 1.365947430357994374e-01
4.751862759468226116e-01 4.461500763068221992e-02 1.363985116365412364e-01
5.156865244475659082e-01 4.503881576823346583e-02 1.357803282967434133e-01
