5.900000000000000000e+02 1.210000000000000000e+02
5.630000000000000000e+02 1.370000000000000000e+02
5.800000000000000000e+02 8.100000000000000000e+01
5.320000000000000000e+02 1.530000000000000000e+02
5.460000000000000000e+02 9.700000000000000000e+01
4.970000000000000000e+02 1.710000000000000000e+02
5.100000000000000000e+02 1.140000000000000000e+02
4.960000000000000000e+02 7.700000000000000000e+01
4.740000000000000000e+02 9.100000000000000000e+01
4.440000000000000000e+02 1.050000000000000000e+02
4.500000000000000000e+02 5.100000000000000000e+01
4.090000000000000000e+02 1.180000000000000000e+02
4.140000000000000000e+02 6.400000000000000000e+01
4.210000000000000000e+02 4.200000000000000000e+01
4.020000000000000000e+02 5.400000000000000000e+01
3.710000000000000000e+02 6.500000000000000000e+01
3.390000000000000000e+02 7.600000000000000000e+01
