2.327624322739960672e-01 -1.090523991715749846e-01 5.410000000000000364e-01
2.019876793397127335e-01 -9.177675429380161010e-02 5.230000000000000204e-01
2.024144608960811442e-01 -1.304706683999513894e-01 4.889999999999999902e-01
1.691680620246711897e-01 -7.529111468775143146e-02 5.040000000000000036e-01
1.681289589519370797e-01 -1.128962492575441012e-01 4.690000000000000280e-01
1.345485400926894060e-01 -5.797503081061403801e-02 4.829999999999999849e-01
1.342971756679825490e-01 -9.542033820055263738e-02 4.480000000000000093e-01
1.664394237437721580e-01 -1.642741794512092290e-01 6.009999999999999787e-01
1.410183694513801600e-01 -1.465438378473292724e-01 5.849999999999999645e-01
1.087451133104362366e-01 -1.288611252819640285e-01 5.660000000000000586e-01
1.070148168256035981e-01 -1.673410713821779361e-01 5.300000000000000266e-01
7.333033895030256766e-02 -1.121122695126672147e-01 5.430000000000000382e-01
7.288946634362648835e-02 -1.499189796816679521e-01 5.090000000000000080e-01
1.023569910596548449e-01 -2.187353104717465468e-01 6.620000000000000329e-01
7.937056438162422289e-02 -1.995626195307987072e-01 6.420000000000000151e-01
4.559653324087686865e-02 -1.827729797509488885e-01 6.239999999999999991e-01
1.257074925473896515e-02 -1.655293097257817814e-01 6.019999999999999796e-01
