4.457696390107873663e-01 2.295508077660862178e-01 1.623563076479949685e-01
4.468911886132442834e-01 2.314184356458411362e-01 2.615582131308060720e-01
4.963424546846511021e-01 2.305773210569713183e-01 1.623971205597269929e-01
4.980904581380800611e-01 2.304985952758531464e-01 2.624999467657318508e-01
5.459211222925692830e-01 2.304005647421078218e-01 1.618411013344965843e-01
5.464684898124804180e-01 2.308719873108201759e-01 2.588736710921750728e-01
5.954713072064057311e-01 2.296986871319007806e-01 1.611663739981416543e-01
5.964617330246098081e-01 2.318500960025466906e-01 2.588349714070930507e-01
4.474157439228077515e-01 -1.742858395365147819e-02 1.637831851871008604e-01
4.482347652683339456e-01 -1.833699263728492609e-02 2.638434367434722705e-01
4.965535327838717095e-01 -1.694562130118319743e-02 1.632855567085731985e-01
4.979734989015108804e-01 -1.791689157892060319e-02 2.625292291126095079e-01
5.451372168283091790e-01 -1.802077118962948366e-02 1.614141422980023277e-01
5.480295236794796576e-01 -1.990087832602702861e-02 2.629986146359466481e-01
5.949578604339182952e-01 -1.900359576439170084e-02 1.608971628017633049e-01
5.973053418861496988e-01 -1.792789654056030010e-02 2.600555076555751133e-01
4.457960600524863426e-01 -2.686621926941361038e-01 1.620514185600392398e-01
4.466833735396579796e-01 -2.682438717661305150e-01 2.623946715632111681e-01
4.956646125874234476e-01 -2.672276566767744499e-01 1.620250695685859221e-01
4.969029015890724654e-01 -2.670964917423943041e-01 2.623176578191612762e-01
5.459614047240346490e-01 -2.676662611933995906e-01 1.613715377305516840e-01
5.477969886227143093e-01 -2.690326911515340536e-01 2.633536984160145256e-01
5.958694310937486804e-01 -2.673465508599547902e-01 1.616253456418693668e-01
5.980614588787227515e-01 -2.676140975544660794e-01 2.617830608505067880e-01
