3.880000000000000000e+02 2.700000000000000000e+02
3.910000000000000000e+02 2.330000000000000000e+02
4.040000000000000000e+02 2.780000000000000000e+02
4.090000000000000000e+02 2.410000000000000000e+02
4.210000000000000000e+02 2.880000000000000000e+02
4.260000000000000000e+02 2.510000000000000000e+02
4.390000000000000000e+02 2.980000000000000000e+02
4.470000000000000000e+02 2.600000000000000000e+02
3.080000000000000000e+02 3.130000000000000000e+02
3.060000000000000000e+02 2.730000000000000000e+02
3.240000000000000000e+02 3.250000000000000000e+02
3.230000000000000000e+02 2.840000000000000000e+02
3.400000000000000000e+02 3.390000000000000000e+02
3.410000000000000000e+02 2.970000000000000000e+02
3.580000000000000000e+02 3.540000000000000000e+02
3.610000000000000000e+02 3.110000000000000000e+02
1.940000000000000000e+02 3.750000000000000000e+02
1.840000000000000000e+02 3.310000000000000000e+02
2.080000000000000000e+02 3.930000000000000000e+02
1.980000000000000000e+02 3.480000000000000000e+02
2.220000000000000000e+02 4.140000000000000000e+02
2.120000000000000000e+02 3.680000000000000000e+02
2.380000000000000000e+02 4.360000000000000000e+02
2.300000000000000000e+02 3.910000000000000000e+02
