1.501303948447542946e-01 7.885821278189518446e-02 9.500000000000000666e-01
1.488868993591178358e-01 -1.155978245224891475e-02 8.980000000000000204e-01
1.824989865859611704e-01 9.492188975391595285e-02 9.150000000000000355e-01
1.841476223698933212e-01 6.813160164834209179e-03 8.669999999999999929e-01
2.149766565971772680e-01 1.144841965344578771e-01 8.830000000000000071e-01
2.138422393815500033e-01 2.816603373932419219e-02 8.339999999999999636e-01
2.468407861959854011e-01 1.323880132998569714e-01 8.509999999999999787e-01
2.495482322274908127e-01 4.584707505321493348e-02 8.030000000000000471e-01
-3.945248448988675910e-02 1.563285081124888842e-01 8.040000000000000480e-01
-4.106559259657494021e-02 6.872259245352373147e-02 7.570000000000000062e-01
-5.905649118651725392e-03 1.741131209080496178e-01 7.720000000000000195e-01
-7.412733852547881593e-03 8.636459461913167934e-02 7.239999999999999769e-01
2.499027746648307263e-02 1.937428038454566959e-01 7.399999999999999911e-01
2.505164267878176240e-02 1.054005966651662130e-01 6.890000000000000568e-01
5.682063642006621867e-02 2.125846198813945154e-01 7.069999999999999618e-01
5.790468551615462339e-02 1.243409696900295708e-01 6.570000000000000284e-01
-2.271660329685253610e-01 2.343690776743407866e-01 6.600000000000000311e-01
-2.264881889763779299e-01 1.475430864563460343e-01 6.119999999999999885e-01
-1.936993331889680925e-01 2.527005580410452978e-01 6.290000000000000036e-01
-1.939586268731568752e-01 1.656646641805090692e-01 5.809999999999999609e-01
-1.613928721224354157e-01 2.709643256737789274e-01 5.939999999999999725e-01
-1.621881594054658815e-01 1.836458860882622945e-01 5.450000000000000400e-01
-1.296502985650878903e-01 2.889200543964277612e-01 5.630000000000000560e-01
-1.285094128803245528e-01 2.030422597230134851e-01 5.120000000000000107e-01
