4.421819992372672536e-01 2.370563977305856218e-01 1.614296824727090018e-01
4.451914042503560820e-01 2.388674049403489152e-01 2.604698827559316920e-01
4.948217126899690510e-01 2.376793442078950491e-01 1.603351328447762403e-01
4.955847335361055483e-01 2.384691435167139162e-01 2.600506698711140263e-01
5.443161496788467835e-01 2.383594776807217708e-01 1.604872840763374997e-01
5.457347706416532107e-01 2.389955001976943327e-01 2.608556101831454033e-01
5.946925969194363226e-01 2.383842806011962911e-01 1.603536969861223960e-01
5.952598118771069702e-01 2.388930496349714605e-01 2.602965920334351368e-01
4.421610415896031765e-01 -9.789797321821523679e-03 1.615596595091919330e-01
4.462352144749345828e-01 -1.132309590482705880e-02 2.622034280801462391e-01
4.946933542730550526e-01 -1.240633610259535627e-02 1.608505499449612020e-01
4.954721308510674493e-01 -1.135182140313403809e-02 2.607873749314188472e-01
5.439046608608382183e-01 -1.127805188518817697e-02 1.602247927579979747e-01
5.457249148139877715e-01 -1.174202722681994687e-02 2.613518376630196149e-01
5.947459483196944063e-01 -1.222977506304360334e-02 1.606237962233409977e-01
5.961159548854316759e-01 -1.094354409230433728e-02 2.617680231726722817e-01
4.414752842142136147e-01 -2.606747250768094992e-01 1.606777583969548617e-01
4.457650542296710539e-01 -2.627413526344962169e-01 2.618102935768547024e-01
4.952310746300883637e-01 -2.614902804230204159e-01 1.606192191227746036e-01
4.959465294745328268e-01 -2.623841351777478348e-01 2.618327491266436158e-01
5.448069777177000361e-01 -2.612491109470847506e-01 1.598743883397541476e-01
5.458909376715347372e-01 -2.625586929347744070e-01 2.612206483562535264e-01
5.948243377577434599e-01 -2.616451438369405413e-01 1.594074628224861345e-01
5.961397187427857070e-01 -2.621498115521991856e-01 2.607697873272561417e-01
