3.740000000000000000e+02 2.500000000000000000e+02
3.810000000000000000e+02 2.140000000000000000e+02
3.910000000000000000e+02 2.610000000000000000e+02
3.980000000000000000e+02 2.230000000000000000e+02
4.080000000000000000e+02 2.710000000000000000e+02
4.160000000000000000e+02 2.330000000000000000e+02
4.260000000000000000e+02 2.830000000000000000e+02
4.360000000000000000e+02 2.450000000000000000e+02
2.880000000000000000e+02 2.900000000000000000e+02
2.890000000000000000e+02 2.500000000000000000e+02
3.030000000000000000e+02 3.050000000000000000e+02
3.050000000000000000e+02 2.640000000000000000e+02
3.190000000000000000e+02 3.200000000000000000e+02
3.220000000000000000e+02 2.780000000000000000e+02
3.370000000000000000e+02 3.360000000000000000e+02
3.420000000000000000e+02 2.940000000000000000e+02
1.670000000000000000e+02 3.470000000000000000e+02
1.540000000000000000e+02 3.050000000000000000e+02
1.790000000000000000e+02 3.690000000000000000e+02
1.670000000000000000e+02 3.240000000000000000e+02
1.920000000000000000e+02 3.910000000000000000e+02
1.800000000000000000e+02 3.460000000000000000e+02
2.060000000000000000e+02 4.150000000000000000e+02
1.960000000000000000e+02 3.710000000000000000e+02
