1.119545798790373553e-01 2.866297034065415708e-02 9.200000000000000400e-01
1.212035016145352195e-01 -5.380478723921237189e-02 8.669999999999999929e-01
1.479371406409925038e-01 5.325624480996807991e-02 8.930000000000000160e-01
1.534477470946181143e-01 -3.236049427317586047e-02 8.349999999999999645e-01
1.804969594354044748e-01 7.364152338444959756e-02 8.609999999999999876e-01
1.851851223732917939e-01 -1.034129768399233602e-02 8.040000000000000480e-01
2.128992244421040181e-01 9.689588929322641431e-02 8.310000000000000719e-01
2.188809535048905075e-01 1.413019667934360159e-02 7.760000000000000231e-01
-7.889786685266753086e-02 1.054908433791490463e-01 7.830000000000000293e-01
-7.108007030605045795e-02 2.255651144199305458e-02 7.239999999999999769e-01
-4.653463471308352112e-02 1.303478037487784680e-01 7.510000000000000009e-01
-3.941241858844484608e-02 4.677926703889107723e-02 6.940000000000000613e-01
-1.483594299734718180e-02 1.531438675859043419e-01 7.209999999999999742e-01
-8.523237055892300684e-03 6.893068491866906344e-02 6.650000000000000355e-01
1.790235578631646507e-02 1.748911059891338771e-01 6.890000000000000568e-01
2.463410170253619441e-02 9.183791952585125540e-02 6.330000000000000071e-01
-2.668688835259624414e-01 1.820933652220272925e-01 6.450000000000000178e-01
-2.617154699202923207e-01 1.015359057164253037e-01 5.849999999999999645e-01
-2.342186478383952164e-01 2.076389892621010314e-01 6.119999999999999885e-01
-2.296313648944327823e-01 1.236328646984904134e-01 5.550000000000000488e-01
-2.035157062946270357e-01 2.310099567223738715e-01 5.829999999999999627e-01
-1.995648597470706387e-01 1.468561592803756255e-01 5.250000000000000222e-01
-1.720786172006692205e-01 2.521123810169503265e-01 5.500000000000000444e-01
-1.673360178313270663e-01 1.701622266583191490e-01 4.939999999999999947e-01
